
Vertices_Array: 
   0.00000E+00   -1.00000E+00   -1.00000E+00   
   0.00000E+00    1.00000E+00   -1.00000E+00   
   1.95090E-01   -1.00000E+00   -9.80785E-01   
   1.95090E-01    1.00000E+00   -9.80785E-01   
   3.82683E-01   -1.00000E+00   -9.23880E-01   
   3.82683E-01    1.00000E+00   -9.23880E-01   
   5.55570E-01   -1.00000E+00   -8.31470E-01   
   5.55570E-01    1.00000E+00   -8.31470E-01   
   7.07107E-01   -1.00000E+00   -7.07107E-01   
   7.07107E-01    1.00000E+00   -7.07107E-01   
   8.31470E-01   -1.00000E+00   -5.55570E-01   
   8.31470E-01    1.00000E+00   -5.55570E-01   
   9.23880E-01   -1.00000E+00   -3.82683E-01   
   9.23880E-01    1.00000E+00   -3.82683E-01   
   9.80785E-01   -1.00000E+00   -1.95090E-01   
   9.80785E-01    1.00000E+00   -1.95090E-01   
   1.00000E+00   -1.00000E+00   -0.00000E+00   
   1.00000E+00    1.00000E+00   -0.00000E+00   
   9.80785E-01   -1.00000E+00    1.95090E-01   
   9.80785E-01    1.00000E+00    1.95090E-01   
   9.23880E-01   -1.00000E+00    3.82683E-01   
   9.23880E-01    1.00000E+00    3.82683E-01   
   8.31470E-01   -1.00000E+00    5.55570E-01   
   8.31470E-01    1.00000E+00    5.55570E-01   
   7.07107E-01   -1.00000E+00    7.07107E-01   
   7.07107E-01    1.00000E+00    7.07107E-01   
   5.55570E-01   -1.00000E+00    8.31470E-01   
   5.55570E-01    1.00000E+00    8.31470E-01   
   3.82683E-01   -1.00000E+00    9.23880E-01   
   3.82683E-01    1.00000E+00    9.23880E-01   
   1.95090E-01   -1.00000E+00    9.80785E-01   
   1.95090E-01    1.00000E+00    9.80785E-01   
  -0.00000E+00   -1.00000E+00    1.00000E+00   
  -0.00000E+00    1.00000E+00    1.00000E+00   
  -1.95091E-01   -1.00000E+00    9.80785E-01   
  -1.95091E-01    1.00000E+00    9.80785E-01   
  -3.82684E-01   -1.00000E+00    9.23879E-01   
  -3.82684E-01    1.00000E+00    9.23879E-01   
  -5.55571E-01   -1.00000E+00    8.31469E-01   
  -5.55571E-01    1.00000E+00    8.31469E-01   
  -7.07107E-01   -1.00000E+00    7.07106E-01   
  -7.07107E-01    1.00000E+00    7.07106E-01   
  -8.31470E-01   -1.00000E+00    5.55570E-01   
  -8.31470E-01    1.00000E+00    5.55570E-01   
  -9.23880E-01   -1.00000E+00    3.82683E-01   
  -9.23880E-01    1.00000E+00    3.82683E-01   
  -9.80785E-01   -1.00000E+00    1.95089E-01   
  -9.80785E-01    1.00000E+00    1.95089E-01   
  -1.00000E+00   -1.00000E+00   -1.00000E-06   
  -1.00000E+00    1.00000E+00   -1.00000E-06   
  -9.80785E-01   -1.00000E+00   -1.95091E-01   
  -9.80785E-01    1.00000E+00   -1.95091E-01   
  -9.23879E-01   -1.00000E+00   -3.82684E-01   
  -9.23879E-01    1.00000E+00   -3.82684E-01   
  -8.31469E-01   -1.00000E+00   -5.55571E-01   
  -8.31469E-01    1.00000E+00   -5.55571E-01   
 57  -7.07106E-01   -1.00000E+00   -7.07108E-01   
 58  -7.07106E-01    1.00000E+00   -7.07108E-01   
 59  -5.55569E-01   -1.00000E+00   -8.31470E-01   
 60  -5.55569E-01    1.00000E+00   -8.31470E-01   
 61  -3.82682E-01   -1.00000E+00   -9.23880E-01   
 62  -3.82682E-01    1.00000E+00   -9.23880E-01   
 63  -1.95089E-01   -1.00000E+00   -9.80786E-01   
 64  -1.95089E-01    1.00000E+00   -9.80786E-01 

 1    0.00000E+00   -1.00000E+00   -1.00000E+00   
 2    0.00000E+00    1.00000E+00   -1.00000E+00   
  

